1) Game type:
LeftRight
2) Board size:
100
3) Number of MCTS iterations per-player:
5000

Game 1
1) Extended player number:
1
2) Extended player collisions:
[3588, 3624, 3637, 3641, 3637, 3610, 3629, 3616, 3612, 3551, 3540, 3569, 3507, 3457, 3381, 3345, 3311, 3102, 3053, 2934, 2874, 2838, 2690, 2595, 2383, 2255, 2111, 2020, 1887, 1775, 1581, 1501, 1279, 1101, 962, 849, 713, 607, 514, 418, 332, 268, 203, 148, 99, 65, 39, 17, 5, 0]
3) Final game state:
Size: 100; Player1R: 50; Player2R: 50; Iteration: 100
4) Winning player:
0
5) Duration in seconds:
7.793583748
6) Player 1 type:
com.jnew528.finalYearProject.MctsTreeUpdatePath
7) Player 2 type:
com.jnew528.finalYearProject.MctsTreeStd
6) Player 1 time per move (ms):
[150, 146, 158, 144, 158, 156, 149, 156, 150, 163, 171, 167, 159, 171, 179, 175, 157, 136, 120, 122, 112, 119, 111, 111, 104, 102, 110, 97, 99, 91, 99, 80, 91, 79, 90, 86, 85, 79, 72, 59, 62, 56, 38, 43, 33, 40, 26, 19, 13, 6]
7) Player 2 time per move (ms):
[74, 57, 64, 62, 57, 64, 64, 55, 60, 60, 58, 60, 59, 65, 60, 56, 56, 49, 51, 48, 54, 45, 54, 45, 50, 48, 50, 47, 52, 47, 43, 52, 48, 51, 45, 46, 43, 46, 61, 51, 45, 48, 43, 37, 33, 35, 21, 16, 10, 3]

Game 2
1) Extended player number:
1
2) Extended player collisions:
[3637, 3592, 3646, 3582, 3629, 3608, 3612, 3600, 3588, 3611, 3581, 3511, 3491, 3522, 3410, 3358, 3305, 3177, 3137, 2951, 2880, 2786, 2587, 2516, 2462, 2357, 2168, 2060, 1858, 1777, 1626, 1421, 1297, 1138, 967, 841, 726, 630, 490, 422, 333, 265, 196, 150, 102, 70, 39, 17, 5, 0]
3) Final game state:
Size: 100; Player1R: 50; Player2R: 50; Iteration: 100
4) Winning player:
0
5) Duration in seconds:
7.788489974
6) Player 1 type:
com.jnew528.finalYearProject.MctsTreeUpdatePath
7) Player 2 type:
com.jnew528.finalYearProject.MctsTreeStd
6) Player 1 time per move (ms):
[184, 152, 148, 138, 160, 154, 160, 144, 138, 136, 139, 153, 144, 123, 137, 143, 144, 144, 139, 152, 133, 119, 125, 123, 108, 110, 108, 109, 110, 109, 111, 94, 93, 98, 85, 86, 88, 78, 70, 72, 67, 68, 55, 50, 43, 31, 26, 18, 12, 7]
7) Player 2 time per move (ms):
[62, 56, 57, 64, 67, 59, 58, 57, 56, 55, 56, 62, 53, 56, 54, 56, 55, 54, 53, 52, 52, 49, 48, 46, 40, 46, 51, 45, 50, 36, 51, 48, 46, 45, 47, 43, 45, 57, 60, 53, 51, 48, 44, 42, 40, 31, 21, 15, 10, 3]

Game 3
1) Extended player number:
1
2) Extended player collisions:
[3623, 3589, 3621, 3630, 3628, 3625, 3638, 3617, 3644, 3611, 3612, 3522, 3485, 3458, 3322, 3278, 3253, 3099, 3128, 2935, 2798, 2736, 2667, 2557, 2364, 2267, 2212, 2004, 1890, 1759, 1652, 1463, 1297, 1121, 954, 841, 731, 582, 518, 420, 326, 266, 201, 150, 104, 66, 38, 17, 5, 0]
3) Final game state:
Size: 100; Player1R: 50; Player2R: 50; Iteration: 100
4) Winning player:
0
5) Duration in seconds:
7.719046463
6) Player 1 type:
com.jnew528.finalYearProject.MctsTreeUpdatePath
7) Player 2 type:
com.jnew528.finalYearProject.MctsTreeStd
6) Player 1 time per move (ms):
[155, 171, 166, 146, 145, 139, 131, 135, 143, 135, 136, 148, 141, 142, 150, 150, 141, 148, 153, 143, 153, 151, 161, 129, 129, 134, 127, 130, 122, 104, 105, 88, 82, 65, 85, 63, 64, 79, 68, 58, 70, 41, 56, 35, 37, 27, 20, 19, 10, 5]
7) Player 2 time per move (ms):
[65, 62, 57, 61, 58, 57, 52, 60, 57, 56, 57, 56, 54, 54, 51, 55, 56, 55, 54, 47, 60, 62, 50, 50, 50, 53, 49, 55, 44, 44, 42, 47, 46, 47, 41, 50, 42, 35, 49, 36, 48, 40, 38, 35, 37, 15, 20, 15, 9, 3]

Game 4
1) Extended player number:
1
2) Extended player collisions:
[3620, 3596, 3600, 3577, 3590, 3602, 3593, 3597, 3618, 3619, 3548, 3545, 3486, 3410, 3375, 3274, 3270, 3154, 3020, 2990, 2897, 2737, 2701, 2545, 2359, 2342, 2175, 2019, 1913, 1753, 1644, 1399, 1286, 1148, 1022, 868, 720, 608, 501, 414, 338, 261, 195, 146, 107, 65, 39, 17, 5, 0]
3) Final game state:
Size: 100; Player1R: 50; Player2R: 50; Iteration: 100
4) Winning player:
0
5) Duration in seconds:
7.785674648
6) Player 1 type:
com.jnew528.finalYearProject.MctsTreeUpdatePath
7) Player 2 type:
com.jnew528.finalYearProject.MctsTreeStd
6) Player 1 time per move (ms):
[158, 161, 170, 165, 171, 144, 145, 140, 144, 142, 158, 147, 150, 160, 155, 150, 146, 171, 163, 129, 136, 136, 142, 138, 139, 116, 108, 109, 109, 110, 103, 99, 80, 60, 75, 83, 86, 73, 57, 63, 68, 53, 42, 39, 38, 32, 29, 11, 11, 6]
7) Player 2 time per move (ms):
[64, 62, 62, 65, 65, 58, 57, 58, 60, 57, 54, 57, 53, 53, 53, 54, 54, 54, 52, 50, 48, 48, 48, 51, 49, 49, 46, 43, 42, 39, 38, 45, 53, 48, 45, 40, 37, 44, 54, 45, 36, 49, 41, 38, 21, 33, 17, 14, 9, 3]

Game 5
1) Extended player number:
1
2) Extended player collisions:
[3606, 3599, 3626, 3625, 3626, 3615, 3612, 3640, 3615, 3584, 3577, 3535, 3431, 3498, 3403, 3325, 3241, 3214, 3104, 2962, 2868, 2738, 2614, 2547, 2446, 2341, 2220, 2048, 1843, 1785, 1628, 1448, 1331, 1223, 1106, 975, 856, 736, 625, 517, 436, 347, 263, 188, 129, 80, 45, 19, 5, 0]
3) Final game state:
Size: 100; Player1R: 49; Player2R: 50; Iteration: 100
4) Winning player:
2
5) Duration in seconds:
7.865549903
6) Player 1 type:
com.jnew528.finalYearProject.MctsTreeUpdatePath
7) Player 2 type:
com.jnew528.finalYearProject.MctsTreeStd
6) Player 1 time per move (ms):
[171, 175, 163, 172, 179, 188, 184, 159, 170, 151, 133, 132, 127, 128, 134, 133, 133, 127, 135, 141, 127, 130, 135, 138, 123, 128, 126, 127, 136, 110, 100, 95, 91, 96, 90, 83, 78, 75, 66, 62, 59, 62, 52, 36, 36, 27, 27, 15, 10, 7]
7) Player 2 time per move (ms):
[65, 62, 61, 63, 63, 59, 64, 59, 58, 59, 51, 59, 50, 55, 55, 55, 51, 50, 51, 47, 51, 54, 47, 50, 51, 53, 49, 54, 40, 43, 48, 50, 44, 44, 43, 42, 45, 43, 51, 39, 35, 31, 40, 40, 32, 30, 22, 12, 9, 3]

Game 6
1) Extended player number:
1
2) Extended player collisions:
[3609, 3603, 3627, 3633, 3633, 3604, 3609, 3608, 3598, 3561, 3572, 3462, 3539, 3455, 3409, 3385, 3186, 3187, 3101, 2992, 2858, 2834, 2708, 2479, 2452, 2306, 2178, 2034, 1902, 1694, 1580, 1432, 1287, 1137, 1011, 844, 726, 603, 500, 407, 338, 261, 191, 141, 99, 68, 37, 16, 5, 0]
3) Final game state:
Size: 100; Player1R: 50; Player2R: 50; Iteration: 100
4) Winning player:
0
5) Duration in seconds:
7.654951185
6) Player 1 type:
com.jnew528.finalYearProject.MctsTreeUpdatePath
7) Player 2 type:
com.jnew528.finalYearProject.MctsTreeStd
6) Player 1 time per move (ms):
[182, 151, 147, 149, 161, 150, 147, 159, 163, 155, 139, 134, 132, 134, 134, 135, 142, 144, 126, 139, 130, 137, 126, 121, 132, 127, 133, 134, 137, 132, 133, 131, 99, 84, 78, 56, 68, 61, 34, 58, 40, 59, 27, 39, 33, 19, 25, 19, 7, 2]
7) Player 2 time per move (ms):
[61, 59, 59, 60, 62, 58, 60, 57, 52, 51, 59, 50, 51, 54, 52, 56, 49, 46, 56, 48, 52, 50, 46, 45, 44, 52, 55, 56, 51, 58, 60, 55, 47, 34, 43, 47, 38, 50, 46, 48, 38, 33, 38, 32, 25, 21, 22, 16, 3, 1]

Game 7
1) Extended player number:
1
2) Extended player collisions:
[3581, 3595, 3613, 3582, 3636, 3611, 3612, 3617, 3639, 3607, 3575, 3564, 3521, 3457, 3479, 3334, 3194, 3173, 3047, 3015, 2880, 2769, 2665, 2513, 2424, 2296, 2194, 2033, 1894, 1738, 1649, 1457, 1281, 1125, 1003, 872, 728, 588, 502, 409, 327, 249, 205, 154, 99, 63, 38, 18, 5, 0]
3) Final game state:
Size: 100; Player1R: 50; Player2R: 50; Iteration: 100
4) Winning player:
0
5) Duration in seconds:
7.664916835
6) Player 1 type:
com.jnew528.finalYearProject.MctsTreeUpdatePath
7) Player 2 type:
com.jnew528.finalYearProject.MctsTreeStd
6) Player 1 time per move (ms):
[149, 149, 153, 147, 156, 154, 151, 155, 153, 158, 156, 160, 171, 139, 134, 139, 145, 145, 145, 150, 144, 109, 113, 104, 109, 112, 100, 99, 102, 107, 108, 94, 101, 99, 82, 86, 90, 93, 57, 34, 60, 47, 40, 40, 35, 20, 17, 23, 14, 4]
7) Player 2 time per move (ms):
[62, 63, 64, 62, 62, 58, 59, 56, 59, 58, 57, 57, 53, 52, 57, 52, 54, 51, 54, 55, 49, 54, 52, 48, 49, 49, 48, 55, 52, 50, 44, 39, 43, 50, 45, 62, 48, 46, 55, 45, 31, 45, 34, 28, 32, 13, 20, 20, 10, 1]

Game 8
1) Extended player number:
1
2) Extended player collisions:
[3599, 3586, 3608, 3613, 3608, 3595, 3618, 3631, 3581, 3569, 3560, 3507, 3490, 3428, 3354, 3315, 3267, 3197, 3062, 2991, 2944, 2793, 2685, 2513, 2425, 2255, 2164, 1982, 1892, 1723, 1553, 1434, 1254, 1113, 1020, 830, 720, 620, 513, 428, 332, 260, 201, 149, 104, 66, 38, 17, 5, 0]
3) Final game state:
Size: 100; Player1R: 50; Player2R: 50; Iteration: 100
4) Winning player:
0
5) Duration in seconds:
7.922357187
6) Player 1 type:
com.jnew528.finalYearProject.MctsTreeUpdatePath
7) Player 2 type:
com.jnew528.finalYearProject.MctsTreeStd
6) Player 1 time per move (ms):
[141, 146, 156, 153, 158, 165, 162, 165, 164, 169, 183, 159, 157, 147, 159, 135, 125, 135, 116, 123, 113, 115, 121, 128, 120, 121, 107, 105, 115, 104, 99, 99, 98, 98, 101, 101, 86, 88, 82, 76, 68, 67, 55, 43, 38, 31, 27, 12, 12, 6]
7) Player 2 time per move (ms):
[63, 65, 62, 60, 58, 60, 60, 59, 63, 62, 60, 59, 56, 57, 58, 51, 54, 48, 55, 49, 49, 48, 46, 44, 46, 49, 51, 54, 49, 48, 53, 45, 49, 45, 49, 47, 42, 50, 52, 56, 62, 50, 37, 37, 28, 30, 16, 12, 10, 3]

Game 9
1) Extended player number:
1
2) Extended player collisions:
[3587, 3621, 3600, 3615, 3599, 3624, 3612, 3618, 3608, 3635, 3550, 3517, 3550, 3455, 3341, 3296, 3226, 3195, 3094, 2988, 2770, 2805, 2724, 2539, 2405, 2351, 2107, 2087, 1893, 1686, 1596, 1451, 1332, 1133, 983, 852, 712, 644, 515, 400, 341, 259, 203, 144, 103, 68, 37, 17, 5, 0]
3) Final game state:
Size: 100; Player1R: 50; Player2R: 50; Iteration: 100
4) Winning player:
0
5) Duration in seconds:
7.916030402
6) Player 1 type:
com.jnew528.finalYearProject.MctsTreeUpdatePath
7) Player 2 type:
com.jnew528.finalYearProject.MctsTreeStd
6) Player 1 time per move (ms):
[166, 170, 178, 138, 149, 144, 134, 146, 135, 139, 160, 148, 157, 157, 154, 149, 164, 131, 123, 138, 128, 132, 134, 128, 119, 120, 117, 120, 129, 133, 120, 116, 111, 97, 76, 88, 68, 65, 73, 52, 67, 50, 51, 48, 44, 25, 29, 20, 13, 4]
7) Player 2 time per move (ms):
[58, 62, 55, 59, 67, 59, 54, 57, 56, 57, 59, 55, 55, 58, 58, 55, 59, 50, 52, 49, 50, 52, 47, 52, 49, 49, 51, 52, 51, 47, 56, 49, 57, 48, 43, 40, 48, 51, 46, 48, 43, 51, 31, 46, 29, 31, 24, 19, 9, 2]

Game 10
1) Extended player number:
1
2) Extended player collisions:
[3601, 3611, 3595, 3622, 3634, 3590, 3609, 3582, 3637, 3605, 3577, 3530, 3531, 3453, 3425, 3348, 3180, 3111, 3085, 2968, 2927, 2796, 2645, 2561, 2384, 2362, 2147, 2023, 1960, 1746, 1607, 1461, 1248, 1104, 973, 852, 712, 641, 506, 407, 342, 264, 204, 148, 105, 64, 38, 18, 4, 0]
3) Final game state:
Size: 100; Player1R: 50; Player2R: 50; Iteration: 100
4) Winning player:
0
5) Duration in seconds:
7.668547561
6) Player 1 type:
com.jnew528.finalYearProject.MctsTreeUpdatePath
7) Player 2 type:
com.jnew528.finalYearProject.MctsTreeStd
6) Player 1 time per move (ms):
[161, 148, 144, 143, 134, 142, 140, 144, 145, 152, 151, 153, 155, 159, 152, 143, 158, 155, 167, 182, 140, 138, 104, 112, 103, 112, 108, 114, 110, 104, 97, 89, 69, 86, 93, 84, 63, 69, 70, 69, 46, 51, 34, 45, 33, 32, 23, 17, 11, 6]
7) Player 2 time per move (ms):
[59, 63, 57, 57, 56, 56, 59, 53, 59, 64, 57, 59, 58, 57, 56, 65, 59, 58, 61, 51, 55, 45, 50, 44, 44, 44, 47, 41, 44, 44, 43, 50, 48, 47, 41, 46, 50, 48, 36, 51, 48, 43, 43, 36, 30, 31, 18, 15, 9, 3]

Game 11
1) Extended player number:
1
2) Extended player collisions:
[3616, 3619, 3635, 3577, 3602, 3606, 3598, 3619, 3608, 3601, 3581, 3512, 3539, 3438, 3370, 3340, 3229, 3164, 3046, 2986, 2879, 2752, 2643, 2467, 2471, 2325, 2263, 2019, 1933, 1744, 1572, 1457, 1260, 1134, 987, 868, 706, 604, 510, 413, 341, 268, 198, 149, 98, 62, 38, 17, 5, 0]
3) Final game state:
Size: 100; Player1R: 50; Player2R: 50; Iteration: 100
4) Winning player:
0
5) Duration in seconds:
7.714565301
6) Player 1 type:
com.jnew528.finalYearProject.MctsTreeUpdatePath
7) Player 2 type:
com.jnew528.finalYearProject.MctsTreeStd
6) Player 1 time per move (ms):
[175, 164, 175, 155, 135, 152, 150, 145, 161, 145, 154, 161, 159, 147, 134, 128, 135, 135, 150, 148, 136, 138, 141, 117, 106, 112, 113, 112, 106, 109, 105, 102, 94, 87, 87, 75, 60, 65, 68, 67, 60, 42, 44, 42, 33, 30, 26, 13, 12, 6]
7) Player 2 time per move (ms):
[68, 64, 68, 56, 64, 62, 57, 58, 58, 58, 60, 60, 57, 53, 49, 54, 53, 50, 50, 54, 55, 51, 46, 47, 45, 47, 41, 45, 44, 39, 45, 42, 35, 43, 45, 49, 52, 52, 49, 43, 49, 52, 43, 39, 29, 27, 19, 13, 10, 3]

Game 12
1) Extended player number:
1
2) Extended player collisions:
[3610, 3623, 3610, 3610, 3614, 3570, 3607, 3612, 3600, 3580, 3602, 3508, 3519, 3443, 3376, 3330, 3288, 3141, 3082, 2940, 2913, 2706, 2692, 2609, 2447, 2274, 2176, 2019, 1912, 1750, 1600, 1462, 1275, 1124, 988, 892, 718, 589, 507, 423, 331, 269, 202, 149, 101, 63, 39, 18, 5, 0]
3) Final game state:
Size: 100; Player1R: 50; Player2R: 50; Iteration: 100
4) Winning player:
0
5) Duration in seconds:
7.772183029
6) Player 1 type:
com.jnew528.finalYearProject.MctsTreeUpdatePath
7) Player 2 type:
com.jnew528.finalYearProject.MctsTreeStd
6) Player 1 time per move (ms):
[167, 175, 173, 182, 202, 162, 136, 129, 146, 146, 133, 127, 131, 132, 133, 133, 137, 132, 129, 137, 144, 133, 133, 141, 135, 147, 118, 103, 94, 111, 106, 95, 92, 100, 101, 85, 81, 77, 76, 63, 34, 42, 36, 37, 29, 23, 14, 18, 12, 6]
7) Player 2 time per move (ms):
[63, 67, 64, 64, 59, 62, 59, 51, 62, 50, 60, 48, 54, 55, 52, 52, 52, 51, 55, 48, 52, 49, 48, 54, 55, 51, 50, 50, 45, 42, 50, 52, 46, 44, 51, 56, 56, 61, 54, 46, 44, 50, 21, 40, 32, 18, 20, 15, 10, 3]

Game 13
1) Extended player number:
1
2) Extended player collisions:
[3626, 3613, 3632, 3609, 3639, 3637, 3609, 3630, 3615, 3517, 3579, 3516, 3506, 3451, 3328, 3290, 3282, 3200, 3105, 2998, 2885, 2781, 2618, 2539, 2343, 2317, 2167, 2032, 1881, 1772, 1591, 1440, 1294, 1112, 992, 852, 734, 594, 510, 420, 334, 251, 207, 145, 102, 68, 39, 17, 5, 0]
3) Final game state:
Size: 100; Player1R: 50; Player2R: 50; Iteration: 100
4) Winning player:
0
5) Duration in seconds:
7.71485338
6) Player 1 type:
com.jnew528.finalYearProject.MctsTreeUpdatePath
7) Player 2 type:
com.jnew528.finalYearProject.MctsTreeStd
6) Player 1 time per move (ms):
[148, 158, 148, 148, 163, 151, 157, 177, 133, 139, 140, 150, 143, 136, 152, 144, 133, 141, 138, 132, 143, 139, 155, 157, 156, 143, 114, 117, 121, 98, 103, 96, 86, 59, 71, 79, 58, 49, 60, 40, 56, 46, 46, 44, 28, 27, 25, 15, 10, 4]
7) Player 2 time per move (ms):
[65, 63, 64, 62, 56, 60, 59, 63, 54, 59, 57, 50, 53, 56, 57, 55, 55, 53, 55, 60, 58, 55, 55, 56, 59, 52, 50, 52, 51, 40, 36, 41, 50, 49, 40, 45, 53, 47, 53, 50, 40, 44, 28, 43, 18, 30, 16, 10, 7, 2]

Game 14
1) Extended player number:
1
2) Extended player collisions:
[3597, 3619, 3622, 3598, 3597, 3649, 3603, 3645, 3576, 3549, 3515, 3550, 3481, 3469, 3357, 3282, 3254, 3205, 2976, 3009, 2929, 2737, 2696, 2588, 2446, 2314, 2241, 2055, 1936, 1771, 1598, 1442, 1261, 1116, 959, 850, 739, 616, 500, 419, 333, 271, 198, 147, 99, 65, 40, 16, 5, 0]
3) Final game state:
Size: 100; Player1R: 50; Player2R: 50; Iteration: 100
4) Winning player:
0
5) Duration in seconds:
7.754493372
6) Player 1 type:
com.jnew528.finalYearProject.MctsTreeUpdatePath
7) Player 2 type:
com.jnew528.finalYearProject.MctsTreeStd
6) Player 1 time per move (ms):
[150, 145, 160, 153, 147, 163, 171, 180, 183, 167, 142, 154, 153, 158, 150, 147, 124, 137, 139, 135, 127, 125, 112, 116, 115, 112, 111, 111, 107, 107, 112, 110, 99, 78, 62, 77, 74, 70, 62, 64, 69, 56, 27, 48, 36, 25, 22, 20, 10, 5]
7) Player 2 time per move (ms):
[52, 63, 58, 59, 58, 66, 64, 64, 61, 58, 53, 60, 52, 58, 55, 54, 48, 48, 60, 49, 49, 53, 52, 54, 52, 49, 49, 58, 42, 55, 57, 55, 47, 47, 45, 39, 44, 49, 44, 41, 29, 45, 40, 31, 40, 27, 21, 13, 8, 2]

Game 15
1) Extended player number:
1
2) Extended player collisions:
[3585, 3598, 3630, 3597, 3616, 3594, 3636, 3581, 3619, 3622, 3522, 3573, 3522, 3445, 3423, 3232, 3212, 3204, 3119, 3024, 2913, 2776, 2705, 2597, 2395, 2323, 2218, 2048, 1880, 1719, 1601, 1411, 1283, 1109, 994, 827, 718, 605, 504, 424, 344, 260, 195, 147, 105, 65, 40, 17, 5, 0]
3) Final game state:
Size: 100; Player1R: 50; Player2R: 50; Iteration: 100
4) Winning player:
0
5) Duration in seconds:
7.90750232
6) Player 1 type:
com.jnew528.finalYearProject.MctsTreeUpdatePath
7) Player 2 type:
com.jnew528.finalYearProject.MctsTreeStd
6) Player 1 time per move (ms):
[163, 159, 171, 168, 167, 173, 182, 140, 150, 157, 153, 153, 132, 130, 126, 140, 126, 132, 122, 127, 127, 129, 131, 134, 130, 120, 122, 122, 121, 109, 120, 117, 114, 107, 109, 103, 70, 71, 62, 60, 60, 62, 48, 31, 27, 23, 23, 20, 4, 2]
7) Player 2 time per move (ms):
[60, 61, 61, 63, 62, 61, 59, 58, 57, 58, 57, 61, 50, 58, 51, 53, 53, 53, 50, 49, 52, 53, 52, 44, 47, 54, 51, 46, 50, 50, 48, 49, 56, 53, 57, 61, 47, 53, 55, 53, 49, 41, 40, 33, 21, 25, 25, 6, 3, 1]

Game 16
1) Extended player number:
1
2) Extended player collisions:
[3604, 3637, 3617, 3608, 3618, 3614, 3615, 3621, 3593, 3599, 3570, 3529, 3490, 3439, 3398, 3301, 3229, 3111, 3065, 2987, 2872, 2684, 2701, 2494, 2409, 2377, 2150, 2063, 1913, 1808, 1629, 1450, 1279, 1126, 985, 826, 716, 591, 493, 419, 337, 258, 204, 145, 103, 64, 37, 16, 5, 0]
3) Final game state:
Size: 100; Player1R: 50; Player2R: 50; Iteration: 100
4) Winning player:
0
5) Duration in seconds:
7.752100965
6) Player 1 type:
com.jnew528.finalYearProject.MctsTreeUpdatePath
7) Player 2 type:
com.jnew528.finalYearProject.MctsTreeStd
6) Player 1 time per move (ms):
[149, 154, 148, 145, 145, 156, 149, 151, 148, 144, 155, 151, 150, 152, 150, 132, 143, 143, 138, 135, 137, 135, 133, 139, 127, 130, 133, 126, 108, 111, 99, 85, 82, 90, 101, 83, 67, 80, 82, 59, 70, 27, 47, 29, 35, 30, 19, 12, 11, 6]
7) Player 2 time per move (ms):
[65, 60, 59, 60, 58, 61, 61, 59, 58, 60, 57, 56, 62, 58, 54, 56, 53, 49, 54, 54, 50, 52, 51, 52, 45, 54, 56, 48, 43, 41, 52, 51, 50, 45, 44, 55, 55, 44, 55, 54, 27, 47, 24, 35, 26, 21, 15, 11, 9, 3]

Game 17
1) Extended player number:
1
2) Extended player collisions:
[3606, 3592, 3617, 3633, 3604, 3595, 3591, 3563, 3644, 3584, 3570, 3506, 3442, 3446, 3344, 3321, 3263, 3119, 3096, 3000, 2841, 2758, 2680, 2626, 2308, 2304, 2143, 2040, 1898, 1748, 1611, 1449, 1271, 1143, 998, 821, 709, 598, 500, 411, 337, 262, 204, 150, 100, 66, 36, 17, 5, 0]
3) Final game state:
Size: 100; Player1R: 50; Player2R: 50; Iteration: 100
4) Winning player:
0
5) Duration in seconds:
7.800425112
6) Player 1 type:
com.jnew528.finalYearProject.MctsTreeUpdatePath
7) Player 2 type:
com.jnew528.finalYearProject.MctsTreeStd
6) Player 1 time per move (ms):
[142, 154, 157, 158, 152, 147, 143, 152, 155, 156, 150, 162, 165, 168, 171, 175, 178, 148, 110, 113, 118, 118, 118, 112, 104, 107, 103, 106, 93, 96, 84, 94, 86, 84, 85, 91, 85, 73, 59, 71, 70, 55, 53, 52, 29, 37, 22, 22, 16, 7]
7) Player 2 time per move (ms):
[61, 57, 69, 60, 67, 57, 58, 59, 57, 59, 58, 60, 57, 62, 59, 62, 61, 51, 49, 49, 52, 44, 45, 42, 47, 46, 46, 48, 47, 50, 53, 52, 49, 46, 47, 42, 44, 56, 55, 49, 49, 50, 40, 44, 38, 35, 20, 20, 12, 3]

Game 18
1) Extended player number:
1
2) Extended player collisions:
[3637, 3625, 3568, 3610, 3629, 3632, 3630, 3585, 3571, 3604, 3569, 3519, 3489, 3460, 3345, 3309, 3174, 3154, 3079, 2976, 2910, 2827, 2655, 2528, 2403, 2301, 2142, 2032, 1852, 1708, 1605, 1424, 1290, 1108, 1031, 835, 708, 608, 491, 419, 326, 266, 207, 154, 101, 65, 40, 17, 5, 0]
3) Final game state:
Size: 100; Player1R: 50; Player2R: 50; Iteration: 100
4) Winning player:
0
5) Duration in seconds:
7.950752865
6) Player 1 type:
com.jnew528.finalYearProject.MctsTreeUpdatePath
7) Player 2 type:
com.jnew528.finalYearProject.MctsTreeStd
6) Player 1 time per move (ms):
[183, 162, 161, 164, 164, 165, 172, 172, 155, 139, 135, 137, 146, 147, 137, 145, 153, 146, 145, 145, 111, 127, 119, 106, 109, 114, 117, 116, 115, 107, 103, 102, 103, 96, 94, 87, 78, 73, 77, 77, 65, 59, 54, 52, 42, 37, 26, 20, 15, 6]
7) Player 2 time per move (ms):
[67, 67, 59, 61, 60, 57, 60, 57, 62, 59, 54, 56, 54, 59, 59, 53, 55, 55, 55, 53, 50, 51, 50, 50, 47, 49, 42, 46, 46, 54, 46, 39, 44, 46, 46, 55, 56, 48, 48, 49, 45, 43, 42, 42, 38, 36, 22, 22, 9, 3]

Game 19
1) Extended player number:
1
2) Extended player collisions:
[3611, 3570, 3635, 3613, 3636, 3620, 3616, 3568, 3579, 3608, 3534, 3551, 3479, 3461, 3381, 3295, 3237, 3162, 3069, 3001, 2894, 2703, 2628, 2500, 2455, 2258, 2150, 2102, 1852, 1717, 1620, 1416, 1257, 1088, 971, 888, 704, 589, 507, 404, 334, 259, 197, 146, 103, 66, 38, 17, 5, 0]
3) Final game state:
Size: 100; Player1R: 50; Player2R: 50; Iteration: 100
4) Winning player:
0
5) Duration in seconds:
7.730448264
6) Player 1 type:
com.jnew528.finalYearProject.MctsTreeUpdatePath
7) Player 2 type:
com.jnew528.finalYearProject.MctsTreeStd
6) Player 1 time per move (ms):
[177, 169, 175, 142, 149, 140, 143, 137, 138, 141, 135, 147, 146, 142, 150, 151, 138, 156, 150, 149, 146, 159, 149, 126, 133, 126, 122, 123, 119, 119, 100, 92, 79, 77, 86, 82, 45, 72, 60, 52, 62, 32, 45, 29, 40, 26, 21, 16, 14, 6]
7) Player 2 time per move (ms):
[62, 64, 55, 69, 56, 57, 58, 54, 57, 52, 55, 58, 51, 56, 53, 55, 54, 57, 51, 63, 54, 56, 49, 55, 48, 50, 48, 52, 47, 48, 42, 40, 40, 44, 41, 48, 48, 40, 53, 44, 41, 44, 46, 22, 37, 26, 16, 15, 11, 3]

Game 20
1) Extended player number:
1
2) Extended player collisions:
[3617, 3612, 3621, 3593, 3595, 3633, 3615, 3569, 3624, 3578, 3554, 3499, 3514, 3447, 3367, 3290, 3281, 3169, 3097, 2966, 2901, 2778, 2673, 2567, 2425, 2321, 2190, 2053, 1940, 1742, 1584, 1453, 1241, 1127, 984, 832, 717, 607, 509, 411, 325, 273, 199, 144, 104, 67, 39, 17, 5, 0]
3) Final game state:
Size: 100; Player1R: 50; Player2R: 50; Iteration: 100
4) Winning player:
0
5) Duration in seconds:
7.744833143
6) Player 1 type:
com.jnew528.finalYearProject.MctsTreeUpdatePath
7) Player 2 type:
com.jnew528.finalYearProject.MctsTreeStd
6) Player 1 time per move (ms):
[160, 166, 160, 171, 177, 140, 138, 146, 150, 150, 143, 137, 144, 149, 147, 149, 149, 159, 159, 152, 133, 137, 141, 141, 141, 112, 108, 106, 107, 104, 103, 93, 76, 64, 82, 90, 90, 73, 62, 56, 67, 50, 49, 34, 34, 20, 27, 16, 13, 5]
7) Player 2 time per move (ms):
[62, 61, 64, 62, 59, 59, 58, 51, 53, 56, 58, 58, 54, 54, 53, 56, 57, 58, 55, 50, 51, 48, 47, 53, 52, 44, 45, 45, 43, 42, 41, 46, 54, 55, 41, 34, 42, 52, 51, 42, 43, 38, 33, 42, 20, 22, 23, 15, 9, 2]

Game 21
1) Extended player number:
1
2) Extended player collisions:
[3622, 3608, 3600, 3626, 3613, 3627, 3595, 3576, 3640, 3570, 3549, 3534, 3517, 3439, 3350, 3282, 3258, 3177, 3108, 2894, 2949, 2708, 2710, 2540, 2474, 2324, 2216, 2075, 1926, 1703, 1598, 1461, 1275, 1104, 966, 814, 701, 601, 501, 416, 335, 257, 199, 148, 100, 64, 39, 17, 4, 0]
3) Final game state:
Size: 100; Player1R: 50; Player2R: 50; Iteration: 100
4) Winning player:
0
5) Duration in seconds:
7.939625341
6) Player 1 type:
com.jnew528.finalYearProject.MctsTreeUpdatePath
7) Player 2 type:
com.jnew528.finalYearProject.MctsTreeStd
6) Player 1 time per move (ms):
[163, 164, 163, 159, 167, 170, 198, 166, 177, 156, 138, 132, 130, 132, 144, 138, 124, 123, 136, 138, 138, 141, 130, 129, 136, 131, 122, 131, 125, 108, 98, 100, 99, 93, 90, 78, 64, 64, 60, 56, 54, 47, 49, 53, 33, 35, 26, 23, 10, 5]
7) Player 2 time per move (ms):
[61, 65, 62, 60, 66, 63, 64, 59, 59, 62, 57, 56, 51, 55, 53, 48, 53, 55, 49, 50, 49, 51, 53, 47, 47, 55, 58, 54, 42, 45, 45, 42, 41, 44, 48, 57, 56, 61, 57, 53, 56, 51, 34, 38, 34, 24, 25, 16, 8, 2]

Game 22
1) Extended player number:
1
2) Extended player collisions:
[3592, 3638, 3625, 3610, 3581, 3609, 3593, 3630, 3573, 3594, 3538, 3560, 3468, 3406, 3365, 3328, 3235, 3174, 3056, 2973, 2890, 2822, 2661, 2512, 2365, 2281, 2217, 2011, 1883, 1748, 1612, 1449, 1275, 1121, 976, 817, 701, 622, 532, 406, 315, 261, 201, 143, 102, 67, 40, 16, 5, 0]
3) Final game state:
Size: 100; Player1R: 50; Player2R: 50; Iteration: 100
4) Winning player:
0
5) Duration in seconds:
7.768459934
6) Player 1 type:
com.jnew528.finalYearProject.MctsTreeUpdatePath
7) Player 2 type:
com.jnew528.finalYearProject.MctsTreeStd
6) Player 1 time per move (ms):
[165, 186, 150, 159, 158, 156, 162, 164, 168, 136, 135, 132, 144, 133, 132, 137, 144, 144, 144, 139, 138, 140, 136, 130, 128, 136, 131, 135, 136, 135, 134, 110, 93, 62, 78, 54, 52, 63, 38, 64, 55, 56, 27, 42, 24, 32, 19, 20, 9, 2]
7) Player 2 time per move (ms):
[62, 58, 64, 61, 62, 59, 60, 62, 60, 55, 54, 54, 52, 54, 52, 55, 51, 51, 49, 50, 53, 52, 53, 53, 54, 48, 52, 53, 56, 58, 56, 53, 52, 46, 44, 49, 44, 50, 47, 33, 40, 31, 42, 26, 23, 17, 19, 13, 6, 1]

Game 23
1) Extended player number:
1
2) Extended player collisions:
[3613, 3610, 3639, 3601, 3603, 3651, 3641, 3611, 3569, 3601, 3560, 3509, 3463, 3478, 3331, 3354, 3191, 3152, 3133, 2962, 2976, 2833, 2618, 2540, 2439, 2303, 2168, 2017, 1916, 1769, 1667, 1457, 1367, 1253, 1101, 971, 852, 757, 629, 535, 427, 338, 266, 193, 130, 84, 44, 19, 5, 0]
3) Final game state:
Size: 100; Player1R: 49; Player2R: 50; Iteration: 100
4) Winning player:
2
5) Duration in seconds:
7.67888092
6) Player 1 type:
com.jnew528.finalYearProject.MctsTreeUpdatePath
7) Player 2 type:
com.jnew528.finalYearProject.MctsTreeStd
6) Player 1 time per move (ms):
[141, 147, 158, 154, 147, 159, 152, 153, 164, 163, 160, 181, 138, 131, 147, 140, 148, 145, 145, 147, 152, 137, 114, 108, 118, 115, 101, 100, 100, 102, 95, 93, 97, 115, 100, 100, 42, 66, 62, 55, 55, 36, 53, 27, 38, 24, 27, 14, 13, 7]
7) Player 2 time per move (ms):
[60, 62, 65, 64, 60, 58, 60, 60, 62, 56, 63, 57, 55, 60, 53, 57, 54, 55, 53, 50, 54, 52, 50, 46, 48, 50, 49, 49, 53, 48, 54, 50, 44, 43, 50, 51, 43, 31, 42, 38, 41, 40, 20, 38, 25, 24, 19, 12, 10, 3]

Game 24
1) Extended player number:
1
2) Extended player collisions:
[3586, 3609, 3616, 3617, 3585, 3612, 3630, 3604, 3644, 3617, 3614, 3560, 3477, 3444, 3405, 3359, 3245, 3170, 3075, 2976, 2900, 2727, 2699, 2545, 2461, 2330, 2204, 2033, 1851, 1751, 1609, 1421, 1316, 1135, 970, 843, 723, 627, 503, 402, 335, 265, 198, 152, 103, 65, 39, 17, 5, 0]
3) Final game state:
Size: 100; Player1R: 50; Player2R: 50; Iteration: 100
4) Winning player:
0
5) Duration in seconds:
7.897490309
6) Player 1 type:
com.jnew528.finalYearProject.MctsTreeUpdatePath
7) Player 2 type:
com.jnew528.finalYearProject.MctsTreeStd
6) Player 1 time per move (ms):
[154, 152, 126, 160, 148, 153, 155, 157, 165, 169, 171, 165, 181, 161, 165, 129, 121, 134, 125, 127, 117, 116, 112, 125, 132, 113, 114, 107, 107, 111, 107, 109, 104, 102, 102, 97, 99, 91, 87, 80, 66, 48, 29, 48, 24, 31, 16, 19, 13, 5]
7) Player 2 time per move (ms):
[65, 66, 59, 63, 62, 62, 60, 59, 62, 59, 60, 58, 54, 57, 51, 53, 48, 52, 49, 48, 45, 51, 48, 46, 44, 52, 52, 48, 52, 49, 49, 50, 48, 47, 44, 52, 53, 54, 54, 56, 37, 52, 37, 28, 35, 26, 17, 17, 8, 3]

