1) Game type:
LeftRight
2) Board size:
100
3) Number of MCTS iterations per-player:
6000

Game 1
1) Extended player number:
1
2) Extended player collisions:
[4412, 4426, 4417, 4394, 4398, 4383, 4413, 4300, 4269, 4196, 4160, 4155, 4072, 3892, 3826, 3745, 3675, 3688, 3469, 3318, 3082, 3062, 2921, 2784, 2569, 2456, 2276, 2215, 1971, 1862, 1717, 1458, 1324, 1194, 1013, 841, 724, 607, 512, 402, 327, 246, 200, 149, 102, 67, 40, 17, 5, 0]
3) Final game state:
Size: 100; Player1R: 50; Player2R: 50; Iteration: 100
4) Winning player:
0
5) Duration in seconds:
18.59045387
6) Player 1 type:
com.jnew528.finalYearProject.MctsTreeUpdatePath
7) Player 2 type:
com.jnew528.finalYearProject.MctsTreeStd
6) Player 1 time per move (ms):
[396, 262, 304, 282, 289, 320, 310, 312, 274, 328, 275, 371, 357, 361, 371, 299, 356, 374, 357, 363, 332, 346, 357, 327, 344, 348, 289, 327, 296, 282, 291, 249, 280, 215, 256, 240, 204, 222, 188, 170, 174, 122, 146, 114, 103, 80, 47, 43, 34, 16]
7) Player 2 time per move (ms):
[164, 130, 121, 140, 116, 121, 109, 113, 128, 138, 104, 105, 115, 110, 128, 116, 100, 112, 107, 115, 112, 106, 101, 113, 102, 127, 120, 96, 119, 110, 122, 115, 140, 125, 119, 140, 138, 117, 145, 138, 122, 132, 118, 105, 95, 59, 37, 40, 25, 8]

Game 2
1) Extended player number:
1
2) Extended player collisions:
[4418, 4419, 4395, 4418, 4409, 4361, 4314, 4323, 4286, 4279, 4081, 4148, 4046, 3935, 3888, 3689, 3651, 3531, 3399, 3340, 3175, 2954, 2876, 2792, 2612, 2398, 2310, 2182, 1971, 1841, 1683, 1468, 1262, 1118, 999, 844, 730, 603, 514, 421, 335, 257, 206, 146, 104, 66, 38, 17, 5, 0]
3) Final game state:
Size: 100; Player1R: 50; Player2R: 50; Iteration: 100
4) Winning player:
0
5) Duration in seconds:
19.371015634
6) Player 1 type:
com.jnew528.finalYearProject.MctsTreeUpdatePath
7) Player 2 type:
com.jnew528.finalYearProject.MctsTreeStd
6) Player 1 time per move (ms):
[448, 449, 446, 455, 454, 462, 459, 451, 428, 436, 443, 414, 424, 433, 403, 376, 386, 356, 313, 297, 256, 280, 265, 317, 233, 316, 284, 285, 265, 277, 260, 252, 252, 251, 202, 228, 200, 203, 164, 161, 158, 147, 108, 121, 79, 87, 65, 40, 30, 16]
7) Player 2 time per move (ms):
[121, 119, 121, 123, 121, 118, 125, 114, 115, 116, 116, 116, 117, 113, 106, 106, 108, 112, 95, 92, 86, 95, 95, 106, 95, 96, 107, 115, 102, 109, 117, 118, 116, 99, 117, 122, 115, 119, 135, 129, 125, 97, 126, 91, 85, 79, 50, 34, 22, 7]

Game 3
1) Extended player number:
1
2) Extended player collisions:
[4416, 4383, 4417, 4398, 4393, 4400, 4382, 4358, 4311, 4158, 4173, 4075, 4056, 3928, 3930, 3782, 3686, 3522, 3482, 3304, 3213, 3043, 2881, 2788, 2593, 2511, 2346, 2098, 2004, 1845, 1633, 1616, 1369, 1126, 1008, 846, 740, 620, 500, 418, 341, 268, 199, 145, 100, 67, 39, 17, 5, 0]
3) Final game state:
Size: 100; Player1R: 50; Player2R: 50; Iteration: 100
4) Winning player:
0
5) Duration in seconds:
20.29251849
6) Player 1 type:
com.jnew528.finalYearProject.MctsTreeUpdatePath
7) Player 2 type:
com.jnew528.finalYearProject.MctsTreeStd
6) Player 1 time per move (ms):
[415, 408, 431, 426, 410, 426, 378, 421, 423, 424, 441, 423, 391, 370, 350, 381, 391, 375, 376, 398, 380, 375, 362, 331, 361, 344, 337, 347, 329, 308, 321, 278, 252, 230, 244, 216, 222, 228, 159, 186, 176, 132, 96, 117, 100, 70, 70, 55, 36, 18]
7) Player 2 time per move (ms):
[121, 109, 119, 112, 112, 116, 111, 120, 113, 109, 126, 118, 111, 120, 114, 111, 112, 107, 117, 110, 111, 119, 122, 119, 120, 111, 107, 110, 126, 123, 132, 119, 125, 115, 119, 127, 141, 119, 149, 133, 131, 128, 106, 108, 82, 72, 63, 43, 27, 7]

Game 4
1) Extended player number:
1
2) Extended player collisions:
[4392, 4418, 4373, 4405, 4384, 4396, 4396, 4327, 4297, 4245, 4126, 4122, 4012, 4000, 3844, 3733, 3645, 3437, 3470, 3352, 3185, 2969, 2901, 2761, 2613, 2536, 2386, 2159, 2070, 1871, 1691, 1520, 1324, 1171, 989, 862, 733, 618, 521, 414, 346, 271, 203, 145, 105, 65, 36, 17, 5, 0]
3) Final game state:
Size: 100; Player1R: 50; Player2R: 50; Iteration: 100
4) Winning player:
0
5) Duration in seconds:
18.85152884
6) Player 1 type:
com.jnew528.finalYearProject.MctsTreeUpdatePath
7) Player 2 type:
com.jnew528.finalYearProject.MctsTreeStd
6) Player 1 time per move (ms):
[378, 355, 390, 437, 440, 417, 406, 389, 399, 408, 341, 323, 335, 310, 315, 254, 330, 273, 362, 308, 362, 226, 348, 337, 330, 301, 315, 222, 322, 293, 282, 271, 247, 270, 246, 245, 212, 195, 211, 152, 171, 148, 133, 123, 100, 91, 69, 47, 29, 16]
7) Player 2 time per move (ms):
[108, 105, 116, 118, 113, 107, 112, 118, 110, 96, 103, 99, 98, 99, 96, 106, 99, 110, 105, 104, 120, 114, 103, 102, 114, 107, 126, 112, 110, 115, 128, 115, 123, 96, 125, 134, 151, 137, 127, 133, 145, 121, 117, 109, 95, 81, 58, 41, 24, 8]

Game 5
1) Extended player number:
1
2) Extended player collisions:
[4377, 4372, 4401, 4446, 4433, 4384, 4410, 4328, 4344, 4250, 4180, 4096, 3975, 3898, 3884, 3751, 3637, 3589, 3462, 3315, 3172, 3053, 2895, 2741, 2624, 2456, 2230, 2191, 1900, 1849, 1656, 1416, 1290, 1150, 1012, 873, 706, 606, 525, 414, 340, 256, 201, 151, 98, 68, 38, 18, 5, 0]
3) Final game state:
Size: 100; Player1R: 50; Player2R: 50; Iteration: 100
4) Winning player:
0
5) Duration in seconds:
18.379148048
6) Player 1 type:
com.jnew528.finalYearProject.MctsTreeUpdatePath
7) Player 2 type:
com.jnew528.finalYearProject.MctsTreeStd
6) Player 1 time per move (ms):
[446, 435, 456, 444, 377, 397, 412, 409, 390, 387, 408, 414, 397, 382, 401, 415, 405, 374, 378, 402, 318, 317, 302, 294, 271, 267, 257, 261, 240, 251, 231, 232, 219, 209, 206, 179, 185, 163, 142, 144, 110, 105, 103, 87, 67, 65, 52, 40, 24, 12]
7) Player 2 time per move (ms):
[122, 130, 127, 113, 121, 112, 113, 112, 115, 112, 109, 113, 113, 119, 113, 109, 107, 119, 116, 112, 97, 96, 104, 96, 91, 93, 88, 91, 87, 99, 95, 96, 98, 100, 110, 107, 113, 92, 107, 104, 93, 95, 91, 71, 65, 59, 46, 33, 18, 6]

Game 6
1) Extended player number:
1
2) Extended player collisions:
[4402, 4399, 4397, 4350, 4406, 4407, 4399, 4292, 4315, 4235, 4200, 4124, 4024, 3909, 3883, 3745, 3642, 3477, 3414, 3371, 3209, 3127, 2886, 2709, 2602, 2406, 2255, 2151, 2012, 1826, 1651, 1454, 1283, 1183, 984, 861, 734, 598, 506, 416, 337, 262, 204, 150, 103, 64, 39, 18, 5, 0]
3) Final game state:
Size: 100; Player1R: 50; Player2R: 50; Iteration: 100
4) Winning player:
0
5) Duration in seconds:
17.782208843
6) Player 1 type:
com.jnew528.finalYearProject.MctsTreeUpdatePath
7) Player 2 type:
com.jnew528.finalYearProject.MctsTreeStd
6) Player 1 time per move (ms):
[332, 331, 324, 409, 393, 370, 371, 376, 335, 334, 326, 325, 336, 352, 318, 317, 328, 310, 323, 312, 315, 303, 305, 279, 276, 268, 253, 251, 249, 232, 236, 224, 266, 264, 250, 213, 231, 209, 196, 180, 165, 163, 123, 119, 110, 91, 56, 40, 30, 16]
7) Player 2 time per move (ms):
[100, 107, 100, 115, 116, 116, 117, 103, 106, 96, 100, 98, 102, 96, 99, 97, 98, 95, 97, 95, 95, 95, 94, 92, 94, 93, 91, 90, 87, 91, 89, 90, 129, 113, 144, 106, 151, 132, 152, 143, 141, 138, 103, 111, 98, 70, 51, 35, 24, 8]

Game 7
1) Extended player number:
1
2) Extended player collisions:
[4373, 4394, 4397, 4406, 4385, 4364, 4318, 4304, 4285, 4237, 4139, 4141, 4066, 3926, 3858, 3752, 3644, 3566, 3467, 3337, 3138, 3085, 2893, 2780, 2654, 2427, 2380, 2155, 1995, 1846, 1688, 1517, 1276, 1105, 982, 848, 730, 618, 509, 421, 347, 257, 202, 146, 105, 69, 39, 17, 5, 0]
3) Final game state:
Size: 100; Player1R: 50; Player2R: 50; Iteration: 100
4) Winning player:
0
5) Duration in seconds:
18.803578418
6) Player 1 type:
com.jnew528.finalYearProject.MctsTreeUpdatePath
7) Player 2 type:
com.jnew528.finalYearProject.MctsTreeStd
6) Player 1 time per move (ms):
[403, 336, 316, 325, 325, 331, 315, 318, 401, 432, 395, 397, 412, 415, 403, 403, 396, 376, 363, 319, 312, 309, 304, 304, 277, 270, 257, 258, 290, 273, 297, 267, 271, 273, 225, 233, 236, 199, 222, 167, 164, 150, 116, 123, 102, 81, 62, 49, 34, 17]
7) Player 2 time per move (ms):
[119, 99, 97, 105, 101, 104, 98, 100, 106, 117, 113, 112, 114, 122, 113, 113, 111, 119, 97, 94, 95, 96, 98, 96, 91, 97, 90, 93, 115, 115, 120, 123, 127, 124, 133, 139, 116, 152, 149, 140, 138, 101, 120, 105, 93, 72, 55, 44, 27, 9]

Game 8
1) Extended player number:
1
2) Extended player collisions:
[4398, 4398, 4355, 4402, 4399, 4372, 4363, 4292, 4205, 4286, 4125, 4051, 4031, 3887, 3821, 3710, 3678, 3527, 3518, 3341, 3270, 3046, 2894, 2701, 2724, 2462, 2346, 2149, 2035, 1812, 1676, 1441, 1281, 1163, 968, 844, 700, 600, 507, 419, 342, 259, 207, 147, 104, 65, 39, 17, 5, 0]
3) Final game state:
Size: 100; Player1R: 50; Player2R: 50; Iteration: 100
4) Winning player:
0
5) Duration in seconds:
18.819872622
6) Player 1 type:
com.jnew528.finalYearProject.MctsTreeUpdatePath
7) Player 2 type:
com.jnew528.finalYearProject.MctsTreeStd
6) Player 1 time per move (ms):
[453, 415, 387, 432, 434, 400, 399, 401, 338, 321, 346, 339, 362, 261, 272, 307, 315, 319, 334, 356, 366, 326, 297, 367, 332, 262, 330, 299, 273, 324, 295, 277, 346, 265, 260, 227, 207, 172, 150, 108, 164, 137, 106, 93, 95, 70, 41, 41, 29, 9]
7) Player 2 time per move (ms):
[120, 114, 116, 118, 117, 115, 120, 103, 120, 102, 118, 108, 112, 83, 118, 159, 103, 99, 98, 102, 115, 122, 106, 104, 128, 115, 94, 123, 119, 120, 118, 143, 146, 131, 96, 128, 111, 115, 99, 113, 128, 119, 140, 87, 92, 44, 50, 44, 14, 4]

Game 9
1) Extended player number:
1
2) Extended player collisions:
[4444, 4409, 4414, 4402, 4403, 4406, 4348, 4312, 4307, 4161, 4167, 4191, 4033, 3930, 3875, 3758, 3675, 3497, 3376, 3260, 3155, 3084, 2855, 2782, 2528, 2408, 2330, 2222, 2064, 1833, 1638, 1437, 1256, 1110, 1021, 862, 739, 588, 513, 411, 341, 254, 199, 143, 104, 65, 37, 17, 5, 0]
3) Final game state:
Size: 100; Player1R: 50; Player2R: 50; Iteration: 100
4) Winning player:
0
5) Duration in seconds:
16.826574901
6) Player 1 type:
com.jnew528.finalYearProject.MctsTreeUpdatePath
7) Player 2 type:
com.jnew528.finalYearProject.MctsTreeStd
6) Player 1 time per move (ms):
[387, 367, 407, 494, 470, 470, 438, 422, 417, 340, 335, 319, 401, 361, 298, 316, 309, 325, 330, 299, 328, 307, 273, 231, 100, 95, 139, 221, 149, 266, 235, 173, 178, 227, 169, 216, 175, 123, 193, 112, 132, 135, 96, 83, 86, 67, 58, 36, 24, 11]
7) Player 2 time per move (ms):
[117, 126, 91, 140, 129, 136, 111, 117, 86, 91, 75, 118, 87, 120, 98, 103, 101, 113, 103, 112, 107, 102, 94, 50, 48, 49, 102, 108, 74, 105, 103, 92, 97, 120, 91, 101, 67, 110, 132, 79, 127, 103, 72, 80, 87, 62, 44, 30, 16, 6]

Game 10
1) Extended player number:
1
2) Extended player collisions:
[4410, 4426, 4395, 4376, 4406, 4361, 4400, 4313, 4274, 4232, 4187, 4061, 3954, 4024, 3875, 3780, 3630, 3511, 3443, 3318, 3181, 3084, 2861, 2773, 2605, 2469, 2326, 2207, 2051, 1722, 1656, 1454, 1282, 1126, 999, 843, 706, 619, 501, 417, 345, 262, 202, 150, 101, 66, 40, 17, 5, 0]
3) Final game state:
Size: 100; Player1R: 50; Player2R: 50; Iteration: 100
4) Winning player:
0
5) Duration in seconds:
18.412448515
6) Player 1 type:
com.jnew528.finalYearProject.MctsTreeUpdatePath
7) Player 2 type:
com.jnew528.finalYearProject.MctsTreeStd
6) Player 1 time per move (ms):
[334, 353, 378, 430, 254, 229, 352, 362, 443, 403, 289, 424, 407, 405, 345, 404, 409, 375, 386, 496, 380, 378, 314, 344, 347, 347, 345, 318, 291, 276, 275, 228, 257, 132, 216, 173, 175, 197, 153, 169, 120, 133, 102, 74, 56, 40, 33, 25, 10, 6]
7) Player 2 time per move (ms):
[113, 96, 127, 120, 83, 86, 198, 99, 124, 141, 97, 120, 108, 108, 116, 112, 113, 67, 116, 118, 105, 114, 115, 112, 119, 124, 97, 132, 129, 112, 115, 99, 124, 89, 99, 98, 117, 111, 93, 110, 117, 104, 63, 77, 42, 35, 29, 14, 8, 2]

Game 11
1) Extended player number:
1
2) Extended player collisions:
[4406, 4399, 4423, 4367, 4418, 4401, 4376, 4355, 4255, 4223, 4156, 4090, 3992, 3942, 3823, 3739, 3590, 3478, 3494, 3311, 3144, 3115, 2964, 2780, 2627, 2424, 2283, 2132, 1976, 1828, 1656, 1451, 1311, 1119, 996, 884, 701, 613, 516, 425, 340, 277, 207, 148, 101, 62, 38, 18, 5, 0]
3) Final game state:
Size: 100; Player1R: 50; Player2R: 50; Iteration: 100
4) Winning player:
0
5) Duration in seconds:
18.683036489
6) Player 1 type:
com.jnew528.finalYearProject.MctsTreeUpdatePath
7) Player 2 type:
com.jnew528.finalYearProject.MctsTreeStd
6) Player 1 time per move (ms):
[275, 359, 411, 375, 324, 339, 396, 329, 328, 330, 346, 374, 359, 401, 330, 392, 404, 380, 352, 339, 285, 364, 338, 344, 347, 350, 344, 334, 313, 249, 272, 248, 251, 224, 214, 189, 349, 153, 127, 181, 182, 142, 136, 116, 80, 68, 56, 54, 27, 17]
7) Player 2 time per move (ms):
[109, 107, 110, 89, 113, 107, 117, 99, 98, 105, 112, 121, 110, 113, 108, 115, 101, 100, 115, 107, 106, 106, 115, 123, 121, 120, 112, 107, 113, 112, 120, 101, 96, 111, 93, 56, 110, 118, 126, 169, 161, 115, 114, 97, 72, 62, 53, 41, 20, 9]

