1) Game type:
LeftRight
2) Board size:
100
3) Number of MCTS iterations per-player:
7000

Game 1
1) Extended player number:
1
2) Extended player collisions:
[5188, 5212, 5162, 5153, 5106, 5042, 4998, 4888, 4887, 4776, 4651, 4620, 4363, 4454, 4168, 4168, 3965, 3885, 3668, 3645, 3411, 3358, 3042, 2877, 2718, 2645, 2476, 2239, 2029, 1790, 1706, 1472, 1336, 1178, 1061, 854, 728, 606, 511, 436, 337, 266, 201, 143, 98, 69, 39, 17, 5, 0]
3) Final game state:
Size: 100; Player1R: 50; Player2R: 50; Iteration: 100
4) Winning player:
0
5) Duration in seconds:
22.900310234
6) Player 1 type:
com.jnew528.finalYearProject.MctsTreeUpdatePath
7) Player 2 type:
com.jnew528.finalYearProject.MctsTreeStd
6) Player 1 time per move (ms):
[457, 355, 308, 403, 379, 376, 376, 380, 320, 464, 484, 380, 427, 420, 415, 400, 454, 449, 431, 416, 403, 433, 442, 433, 388, 371, 412, 395, 378, 384, 366, 356, 355, 333, 289, 244, 261, 243, 205, 214, 202, 165, 162, 123, 120, 101, 70, 61, 41, 20]
7) Player 2 time per move (ms):
[169, 157, 161, 135, 145, 135, 150, 158, 122, 129, 130, 131, 123, 125, 120, 124, 129, 141, 134, 137, 152, 131, 130, 149, 149, 142, 142, 151, 158, 129, 151, 143, 163, 261, 161, 161, 137, 177, 174, 154, 164, 144, 142, 119, 108, 84, 67, 49, 31, 10]

Game 2
1) Extended player number:
1
2) Extended player collisions:
[5163, 5215, 5195, 5148, 5134, 5094, 4916, 4994, 4808, 4746, 4728, 4657, 4449, 4348, 4290, 4128, 4026, 3838, 3786, 3489, 3413, 3373, 3104, 2875, 2795, 2677, 2418, 2298, 2101, 1861, 1719, 1515, 1295, 1171, 953, 847, 740, 615, 533, 421, 338, 268, 205, 142, 101, 68, 39, 17, 5, 0]
3) Final game state:
Size: 100; Player1R: 50; Player2R: 50; Iteration: 100
4) Winning player:
0
5) Duration in seconds:
21.62955274
6) Player 1 type:
com.jnew528.finalYearProject.MctsTreeUpdatePath
7) Player 2 type:
com.jnew528.finalYearProject.MctsTreeStd
6) Player 1 time per move (ms):
[549, 548, 564, 562, 566, 464, 427, 415, 426, 462, 419, 428, 501, 433, 360, 389, 362, 476, 430, 412, 448, 424, 420, 422, 359, 336, 301, 289, 267, 284, 176, 264, 236, 284, 284, 274, 236, 175, 178, 169, 134, 139, 128, 65, 86, 78, 59, 45, 29, 14]
7) Player 2 time per move (ms):
[142, 143, 144, 152, 145, 126, 125, 122, 123, 126, 128, 135, 132, 132, 115, 119, 112, 132, 130, 130, 137, 128, 139, 133, 108, 106, 110, 104, 109, 105, 106, 97, 145, 167, 132, 151, 110, 139, 125, 128, 114, 122, 102, 82, 83, 70, 52, 37, 22, 6]

Game 3
1) Extended player number:
1
2) Extended player collisions:
[5190, 5205, 5223, 5123, 5097, 5099, 4992, 4938, 4842, 4740, 4636, 4603, 4559, 4324, 4192, 4110, 4075, 3782, 3768, 3599, 3455, 3184, 3078, 2962, 2816, 2557, 2519, 2358, 2119, 1848, 1618, 1463, 1344, 1103, 1040, 873, 718, 628, 525, 420, 336, 267, 201, 152, 105, 67, 40, 17, 5, 0]
3) Final game state:
Size: 100; Player1R: 50; Player2R: 50; Iteration: 100
4) Winning player:
0
5) Duration in seconds:
20.564171721
6) Player 1 type:
com.jnew528.finalYearProject.MctsTreeUpdatePath
7) Player 2 type:
com.jnew528.finalYearProject.MctsTreeStd
6) Player 1 time per move (ms):
[419, 420, 419, 407, 417, 417, 421, 429, 428, 430, 421, 417, 416, 427, 488, 526, 488, 398, 379, 372, 372, 364, 360, 310, 353, 349, 366, 379, 295, 298, 271, 265, 222, 249, 151, 203, 195, 188, 161, 164, 193, 128, 140, 134, 96, 47, 59, 56, 32, 17]
7) Player 2 time per move (ms):
[123, 123, 120, 127, 121, 129, 127, 124, 123, 126, 125, 123, 122, 117, 138, 138, 114, 121, 123, 110, 120, 111, 115, 108, 116, 117, 147, 138, 110, 110, 117, 118, 107, 125, 100, 120, 117, 103, 126, 147, 115, 125, 116, 121, 32, 59, 63, 44, 25, 8]

Game 4
1) Extended player number:
1
2) Extended player collisions:
[5220, 5162, 5198, 5130, 5101, 5046, 4966, 4899, 4831, 4782, 4634, 4447, 4521, 4330, 4313, 4187, 3928, 3969, 3714, 3555, 3323, 3255, 3186, 2918, 2768, 2623, 2360, 2221, 2041, 1887, 1657, 1476, 1283, 1106, 1003, 899, 723, 599, 520, 436, 347, 264, 200, 150, 105, 69, 40, 16, 5, 0]
3) Final game state:
Size: 100; Player1R: 50; Player2R: 50; Iteration: 100
4) Winning player:
0
5) Duration in seconds:
23.81808858
6) Player 1 type:
com.jnew528.finalYearProject.MctsTreeUpdatePath
7) Player 2 type:
com.jnew528.finalYearProject.MctsTreeStd
6) Player 1 time per move (ms):
[485, 456, 441, 501, 506, 513, 491, 505, 511, 506, 516, 513, 521, 517, 491, 495, 510, 490, 494, 468, 466, 446, 395, 367, 360, 384, 382, 353, 340, 348, 301, 279, 314, 279, 269, 283, 220, 225, 210, 226, 192, 161, 155, 124, 122, 88, 81, 55, 41, 21]
7) Player 2 time per move (ms):
[143, 151, 132, 135, 133, 135, 129, 137, 138, 131, 131, 137, 136, 137, 131, 143, 134, 139, 135, 133, 143, 142, 121, 127, 120, 116, 118, 135, 120, 121, 155, 138, 135, 153, 142, 150, 161, 148, 161, 149, 159, 136, 128, 124, 85, 81, 70, 49, 31, 10]

Game 5
1) Extended player number:
1
2) Extended player collisions:
[5210, 5214, 5204, 5189, 5088, 5003, 4992, 4915, 4908, 4772, 4641, 4530, 4390, 4326, 4151, 4130, 4016, 3817, 3781, 3563, 3402, 3325, 3176, 2997, 2758, 2643, 2489, 2259, 2007, 1874, 1688, 1469, 1306, 1147, 995, 848, 731, 645, 511, 433, 338, 266, 204, 151, 101, 68, 39, 17, 5, 0]
3) Final game state:
Size: 100; Player1R: 50; Player2R: 50; Iteration: 100
4) Winning player:
0
5) Duration in seconds:
24.197129041
6) Player 1 type:
com.jnew528.finalYearProject.MctsTreeUpdatePath
7) Player 2 type:
com.jnew528.finalYearProject.MctsTreeStd
6) Player 1 time per move (ms):
[513, 548, 543, 555, 561, 572, 566, 549, 525, 503, 478, 457, 439, 462, 476, 385, 444, 467, 431, 449, 430, 422, 441, 429, 423, 423, 393, 380, 342, 331, 320, 318, 302, 291, 284, 249, 266, 171, 235, 188, 199, 176, 163, 136, 114, 104, 85, 56, 33, 15]
7) Player 2 time per move (ms):
[141, 137, 140, 145, 142, 141, 132, 136, 138, 120, 129, 133, 129, 128, 123, 131, 130, 124, 133, 126, 131, 134, 124, 148, 132, 145, 154, 121, 139, 145, 138, 145, 164, 138, 171, 159, 162, 168, 161, 166, 157, 142, 144, 107, 110, 93, 74, 43, 26, 9]

Game 6
1) Extended player number:
1
2) Extended player collisions:
[5235, 5176, 5118, 5131, 5103, 5072, 5091, 4926, 4907, 4824, 4718, 4542, 4480, 4293, 4275, 4173, 3963, 3868, 3671, 3616, 3330, 3340, 3130, 3038, 2776, 2537, 2447, 2242, 2139, 1918, 1662, 1499, 1333, 1162, 1006, 846, 725, 616, 506, 420, 339, 267, 202, 148, 107, 64, 37, 17, 5, 0]
3) Final game state:
Size: 100; Player1R: 50; Player2R: 50; Iteration: 100
4) Winning player:
0
5) Duration in seconds:
22.981914322
6) Player 1 type:
com.jnew528.finalYearProject.MctsTreeUpdatePath
7) Player 2 type:
com.jnew528.finalYearProject.MctsTreeStd
6) Player 1 time per move (ms):
[538, 501, 504, 487, 436, 489, 528, 505, 478, 493, 506, 437, 391, 405, 396, 493, 498, 494, 502, 443, 394, 446, 339, 343, 327, 428, 405, 398, 391, 357, 388, 357, 335, 251, 247, 253, 226, 175, 220, 141, 190, 139, 128, 109, 100, 80, 52, 42, 28, 15]
7) Player 2 time per move (ms):
[141, 145, 129, 137, 135, 114, 132, 136, 141, 141, 131, 116, 120, 117, 125, 133, 136, 133, 134, 145, 140, 118, 116, 113, 138, 142, 154, 140, 131, 162, 134, 160, 123, 120, 138, 132, 141, 160, 117, 152, 127, 130, 104, 107, 96, 56, 48, 34, 22, 7]

Game 7
1) Extended player number:
1
2) Extended player collisions:
[5213, 5189, 5181, 5186, 5081, 5045, 4957, 4917, 4834, 4850, 4615, 4510, 4553, 4280, 4078, 4200, 3990, 3886, 3729, 3559, 3393, 3234, 3132, 2866, 2767, 2629, 2496, 2287, 2019, 1890, 1663, 1437, 1278, 1134, 972, 895, 737, 616, 509, 421, 337, 267, 205, 148, 104, 66, 39, 16, 5, 0]
3) Final game state:
Size: 100; Player1R: 50; Player2R: 50; Iteration: 100
4) Winning player:
0
5) Duration in seconds:
21.330230754
6) Player 1 type:
com.jnew528.finalYearProject.MctsTreeUpdatePath
7) Player 2 type:
com.jnew528.finalYearProject.MctsTreeStd
6) Player 1 time per move (ms):
[401, 470, 451, 484, 411, 389, 358, 471, 403, 399, 491, 501, 492, 492, 488, 481, 484, 469, 269, 328, 403, 391, 377, 417, 322, 358, 319, 355, 257, 227, 349, 155, 243, 298, 284, 235, 250, 235, 205, 194, 180, 148, 152, 120, 106, 63, 63, 36, 21, 15]
7) Player 2 time per move (ms):
[120, 130, 128, 147, 101, 102, 110, 128, 112, 122, 129, 131, 139, 144, 133, 139, 135, 141, 97, 122, 122, 110, 123, 108, 109, 85, 123, 113, 92, 82, 102, 158, 110, 169, 166, 120, 152, 167, 137, 152, 127, 142, 154, 109, 64, 59, 49, 26, 22, 7]

Game 8
1) Extended player number:
1
2) Extended player collisions:
[5193, 5154, 5153, 5176, 5027, 5014, 5001, 4886, 4834, 4906, 4722, 4495, 4435, 4407, 4207, 4109, 4057, 3856, 3728, 3568, 3460, 3195, 3065, 3012, 2758, 2587, 2442, 2230, 2009, 1809, 1635, 1505, 1278, 1163, 990, 860, 733, 624, 527, 422, 347, 267, 203, 155, 106, 67, 40, 17, 5, 0]
3) Final game state:
Size: 100; Player1R: 50; Player2R: 50; Iteration: 100
4) Winning player:
0
5) Duration in seconds:
20.479911566
6) Player 1 type:
com.jnew528.finalYearProject.MctsTreeUpdatePath
7) Player 2 type:
com.jnew528.finalYearProject.MctsTreeStd
6) Player 1 time per move (ms):
[472, 408, 352, 485, 494, 377, 453, 473, 451, 371, 324, 429, 310, 367, 484, 492, 514, 383, 381, 422, 411, 329, 318, 212, 235, 284, 337, 293, 128, 338, 314, 228, 271, 242, 255, 226, 222, 243, 247, 200, 93, 166, 136, 136, 61, 95, 84, 53, 38, 18]
7) Player 2 time per move (ms):
[163, 121, 148, 144, 141, 130, 129, 128, 129, 112, 138, 101, 134, 117, 136, 152, 115, 117, 113, 143, 113, 105, 84, 86, 167, 115, 111, 92, 96, 69, 90, 109, 123, 126, 133, 141, 165, 170, 137, 174, 84, 147, 140, 94, 53, 88, 70, 46, 28, 8]

Game 9
1) Extended player number:
1
2) Extended player collisions:
[5175, 5210, 5124, 5075, 5140, 5090, 5041, 4994, 4830, 4749, 4637, 4553, 4421, 4326, 4353, 4285, 4030, 3907, 3741, 3626, 3415, 3350, 3043, 2988, 2815, 2592, 2492, 2260, 2132, 1869, 1666, 1502, 1268, 1165, 980, 887, 736, 623, 512, 414, 329, 258, 207, 150, 104, 70, 39, 18, 5, 0]
3) Final game state:
Size: 100; Player1R: 50; Player2R: 50; Iteration: 100
4) Winning player:
0
5) Duration in seconds:
21.206558168
6) Player 1 type:
com.jnew528.finalYearProject.MctsTreeUpdatePath
7) Player 2 type:
com.jnew528.finalYearProject.MctsTreeStd
6) Player 1 time per move (ms):
[584, 567, 561, 564, 560, 474, 504, 451, 470, 499, 462, 494, 341, 232, 326, 381, 327, 253, 360, 385, 201, 377, 316, 348, 329, 352, 268, 315, 273, 294, 257, 265, 259, 305, 236, 213, 261, 168, 231, 190, 183, 167, 114, 137, 96, 91, 79, 48, 23, 17]
7) Player 2 time per move (ms):
[142, 151, 154, 142, 136, 134, 130, 120, 132, 140, 132, 135, 84, 108, 92, 121, 108, 119, 115, 121, 116, 116, 122, 122, 124, 113, 115, 109, 102, 111, 141, 153, 135, 145, 129, 141, 143, 168, 155, 153, 147, 147, 110, 120, 83, 90, 62, 31, 19, 9]

