1) Game type:
LeftRight
2) Board size:
100
3) Number of MCTS iterations per-player:
8000

Game 1
1) Extended player number:
1
2) Extended player collisions:
[5855, 5953, 5900, 5754, 5739, 5586, 5638, 5398, 5320, 5228, 5086, 4919, 4895, 4717, 4533, 4457, 4276, 4140, 3916, 3786, 3724, 3554, 3314, 2987, 2828, 2726, 2487, 2304, 2018, 1876, 1687, 1544, 1362, 1124, 999, 848, 752, 621, 531, 416, 344, 272, 199, 147, 106, 68, 38, 17, 5, 0]
3) Final game state:
Size: 100; Player1R: 50; Player2R: 50; Iteration: 100
4) Winning player:
0
5) Duration in seconds:
26.398661738
6) Player 1 type:
com.jnew528.finalYearProject.MctsTreeUpdatePath
7) Player 2 type:
com.jnew528.finalYearProject.MctsTreeStd
6) Player 1 time per move (ms):
[554, 466, 426, 388, 438, 456, 438, 503, 403, 471, 490, 542, 558, 544, 560, 547, 559, 550, 559, 560, 540, 534, 418, 417, 415, 399, 394, 381, 434, 433, 390, 382, 369, 365, 339, 317, 303, 250, 233, 253, 197, 193, 169, 145, 125, 100, 93, 69, 41, 17]
7) Player 2 time per move (ms):
[177, 178, 162, 168, 158, 175, 186, 134, 128, 139, 174, 163, 164, 171, 160, 168, 160, 159, 148, 160, 164, 137, 143, 139, 135, 134, 130, 144, 148, 176, 183, 177, 193, 210, 212, 201, 209, 204, 184, 158, 185, 151, 158, 138, 115, 96, 82, 51, 25, 8]

Game 2
1) Extended player number:
1
2) Extended player collisions:
[5959, 5923, 5713, 5732, 5711, 5614, 5497, 5492, 5438, 5152, 5130, 4940, 4785, 4644, 4626, 4479, 4402, 4097, 3968, 3891, 3662, 3469, 3357, 3080, 2876, 2733, 2435, 2326, 2128, 1910, 1683, 1513, 1333, 1148, 1000, 856, 735, 617, 515, 437, 329, 265, 204, 148, 106, 65, 39, 18, 5, 0]
3) Final game state:
Size: 100; Player1R: 50; Player2R: 50; Iteration: 100
4) Winning player:
0
5) Duration in seconds:
27.265326446
6) Player 1 type:
com.jnew528.finalYearProject.MctsTreeUpdatePath
7) Player 2 type:
com.jnew528.finalYearProject.MctsTreeStd
6) Player 1 time per move (ms):
[614, 641, 626, 572, 592, 589, 596, 596, 558, 488, 497, 494, 600, 603, 596, 576, 523, 543, 520, 432, 420, 411, 488, 500, 514, 506, 420, 408, 411, 407, 360, 338, 359, 336, 331, 319, 273, 263, 258, 230, 236, 181, 147, 121, 109, 96, 69, 54, 36, 18]
7) Player 2 time per move (ms):
[170, 172, 154, 160, 177, 169, 157, 162, 136, 131, 142, 140, 170, 170, 155, 145, 163, 155, 168, 132, 135, 132, 179, 163, 170, 165, 167, 157, 155, 159, 160, 150, 156, 160, 185, 172, 192, 202, 203, 172, 149, 172, 130, 108, 102, 79, 58, 45, 27, 9]

Game 3
1) Extended player number:
1
2) Extended player collisions:
[5945, 5876, 5789, 5797, 5558, 5622, 5580, 5437, 5492, 5186, 5048, 5002, 4860, 4758, 4611, 4465, 4383, 4077, 3878, 3890, 3669, 3470, 3213, 3102, 2948, 2720, 2456, 2314, 2172, 1886, 1652, 1479, 1291, 1138, 1006, 870, 722, 623, 523, 423, 342, 260, 208, 158, 101, 68, 38, 18, 5, 0]
3) Final game state:
Size: 100; Player1R: 50; Player2R: 50; Iteration: 100
4) Winning player:
0
5) Duration in seconds:
25.434974657
6) Player 1 type:
com.jnew528.finalYearProject.MctsTreeUpdatePath
7) Player 2 type:
com.jnew528.finalYearProject.MctsTreeStd
6) Player 1 time per move (ms):
[599, 659, 680, 676, 701, 663, 609, 639, 646, 603, 583, 559, 562, 596, 565, 412, 367, 430, 404, 402, 415, 397, 394, 372, 351, 382, 362, 355, 333, 346, 320, 312, 300, 295, 251, 267, 241, 232, 218, 177, 176, 136, 143, 114, 101, 80, 61, 49, 34, 17]
7) Player 2 time per move (ms):
[167, 172, 172, 178, 173, 167, 173, 172, 163, 169, 165, 164, 160, 158, 144, 152, 166, 131, 128, 133, 127, 133, 133, 136, 130, 129, 131, 135, 135, 129, 145, 140, 137, 142, 156, 167, 150, 165, 148, 152, 105, 133, 126, 108, 93, 71, 57, 43, 26, 8]

Game 4
1) Extended player number:
1
2) Extended player collisions:
[5864, 5872, 5863, 5678, 5658, 5637, 5577, 5473, 5390, 5142, 5154, 5038, 4858, 4711, 4653, 4450, 4241, 4112, 3911, 3859, 3597, 3494, 3262, 3068, 2975, 2758, 2487, 2349, 2076, 1887, 1643, 1544, 1331, 1145, 1031, 856, 733, 609, 518, 425, 348, 273, 206, 147, 106, 64, 39, 17, 5, 0]
3) Final game state:
Size: 100; Player1R: 50; Player2R: 50; Iteration: 100
4) Winning player:
0
5) Duration in seconds:
26.463082963
6) Player 1 type:
com.jnew528.finalYearProject.MctsTreeUpdatePath
7) Player 2 type:
com.jnew528.finalYearProject.MctsTreeStd
6) Player 1 time per move (ms):
[497, 505, 499, 491, 518, 510, 515, 515, 514, 518, 504, 521, 513, 645, 624, 560, 576, 572, 567, 562, 567, 510, 491, 496, 391, 298, 400, 350, 346, 397, 370, 354, 356, 286, 296, 222, 297, 236, 241, 166, 214, 207, 171, 163, 119, 109, 90, 67, 46, 21]
7) Player 2 time per move (ms):
[141, 144, 156, 142, 151, 150, 140, 145, 144, 145, 149, 140, 168, 177, 158, 165, 165, 172, 171, 174, 174, 168, 165, 140, 169, 155, 145, 166, 158, 125, 147, 138, 179, 159, 195, 149, 193, 191, 208, 174, 181, 167, 138, 146, 116, 89, 79, 57, 29, 10]

Game 5
1) Extended player number:
1
2) Extended player collisions:
[5969, 5914, 5851, 5784, 5655, 5624, 5396, 5451, 5328, 5188, 5098, 5008, 4833, 4779, 4573, 4473, 4223, 4223, 4008, 3847, 3687, 3455, 3172, 3089, 2984, 2728, 2606, 2309, 2046, 1896, 1696, 1537, 1336, 1182, 1034, 862, 711, 620, 525, 438, 337, 269, 206, 149, 102, 66, 39, 18, 5, 0]
3) Final game state:
Size: 100; Player1R: 50; Player2R: 50; Iteration: 100
4) Winning player:
0
5) Duration in seconds:
27.252544764
6) Player 1 type:
com.jnew528.finalYearProject.MctsTreeUpdatePath
7) Player 2 type:
com.jnew528.finalYearProject.MctsTreeStd
6) Player 1 time per move (ms):
[616, 644, 653, 658, 526, 514, 525, 513, 676, 679, 543, 548, 512, 570, 557, 506, 496, 545, 395, 399, 406, 538, 524, 513, 492, 492, 479, 430, 396, 417, 318, 381, 325, 285, 247, 262, 251, 214, 254, 237, 238, 212, 192, 127, 130, 108, 78, 39, 36, 20]
7) Player 2 time per move (ms):
[174, 176, 176, 160, 136, 144, 141, 167, 173, 163, 157, 158, 156, 147, 160, 102, 159, 174, 133, 131, 146, 171, 161, 177, 186, 168, 202, 183, 147, 158, 168, 190, 184, 140, 146, 151, 151, 187, 190, 206, 161, 184, 160, 146, 118, 101, 37, 46, 29, 11]

Game 6
1) Extended player number:
1
2) Extended player collisions:
[5928, 5829, 5889, 5746, 5676, 5640, 5471, 5506, 5263, 5149, 5151, 4948, 4828, 4651, 4645, 4413, 4344, 4053, 3997, 3835, 3619, 3495, 3302, 3112, 2950, 2757, 2510, 2335, 2135, 1947, 1742, 1513, 1388, 1140, 1040, 873, 750, 601, 518, 421, 343, 266, 203, 155, 104, 65, 38, 17, 5, 0]
3) Final game state:
Size: 100; Player1R: 50; Player2R: 50; Iteration: 100
4) Winning player:
0
5) Duration in seconds:
24.684871493
6) Player 1 type:
com.jnew528.finalYearProject.MctsTreeUpdatePath
7) Player 2 type:
com.jnew528.finalYearProject.MctsTreeStd
6) Player 1 time per move (ms):
[627, 606, 636, 628, 579, 508, 545, 543, 609, 428, 514, 532, 486, 474, 531, 457, 429, 414, 418, 440, 430, 438, 396, 494, 411, 421, 384, 284, 356, 457, 343, 332, 307, 289, 295, 280, 233, 208, 174, 225, 109, 138, 57, 103, 52, 65, 75, 38, 24, 17]
7) Player 2 time per move (ms):
[160, 162, 169, 173, 163, 138, 162, 194, 149, 156, 155, 152, 135, 136, 156, 130, 132, 131, 138, 127, 175, 134, 161, 151, 147, 176, 112, 163, 167, 169, 163, 161, 140, 147, 143, 167, 153, 132, 146, 193, 111, 111, 114, 93, 48, 83, 55, 29, 25, 9]

Game 7
1) Extended player number:
1
2) Extended player collisions:
[5896, 5928, 5832, 5776, 5750, 5595, 5615, 5459, 5296, 5236, 5144, 4918, 4825, 4699, 4637, 4502, 4307, 4188, 4077, 3893, 3718, 3379, 3327, 3079, 2872, 2722, 2399, 2195, 2165, 1893, 1704, 1510, 1271, 1165, 1004, 885, 741, 646, 533, 417, 343, 270, 201, 150, 108, 68, 41, 16, 5, 0]
3) Final game state:
Size: 100; Player1R: 50; Player2R: 50; Iteration: 100
4) Winning player:
0
5) Duration in seconds:
24.422715694
6) Player 1 type:
com.jnew528.finalYearProject.MctsTreeUpdatePath
7) Player 2 type:
com.jnew528.finalYearProject.MctsTreeStd
6) Player 1 time per move (ms):
[483, 519, 465, 397, 488, 477, 443, 406, 553, 547, 400, 488, 519, 532, 555, 467, 474, 396, 446, 558, 448, 453, 388, 460, 478, 453, 449, 397, 359, 352, 338, 330, 304, 304, 263, 246, 243, 216, 216, 191, 166, 169, 141, 131, 102, 79, 71, 49, 36, 16]
7) Player 2 time per move (ms):
[153, 157, 138, 135, 157, 136, 139, 219, 153, 145, 121, 157, 173, 154, 152, 165, 147, 150, 137, 257, 127, 157, 130, 100, 154, 159, 139, 142, 137, 136, 223, 148, 132, 150, 134, 152, 160, 157, 155, 153, 150, 119, 134, 114, 86, 78, 62, 42, 25, 8]

Game 8
1) Extended player number:
1
2) Extended player collisions:
[5854, 5843, 5830, 5733, 5679, 5651, 5534, 5427, 5264, 5190, 5017, 4992, 4879, 4674, 4634, 4481, 4277, 4055, 4012, 3867, 3617, 3407, 3300, 3107, 2849, 2773, 2564, 2310, 2048, 1883, 1625, 1542, 1330, 1165, 968, 855, 734, 625, 513, 422, 354, 269, 203, 146, 102, 65, 39, 16, 4, 0]
3) Final game state:
Size: 100; Player1R: 50; Player2R: 50; Iteration: 100
4) Winning player:
0
5) Duration in seconds:
24.611779562
6) Player 1 type:
com.jnew528.finalYearProject.MctsTreeUpdatePath
7) Player 2 type:
com.jnew528.finalYearProject.MctsTreeStd
6) Player 1 time per move (ms):
[526, 550, 572, 557, 648, 524, 515, 461, 510, 470, 481, 537, 522, 481, 517, 554, 557, 475, 474, 445, 371, 436, 424, 413, 421, 400, 400, 359, 331, 330, 319, 295, 273, 235, 209, 234, 227, 229, 217, 230, 193, 153, 161, 153, 118, 78, 81, 60, 40, 17]
7) Player 2 time per move (ms):
[157, 175, 146, 190, 158, 119, 141, 138, 138, 130, 156, 151, 150, 138, 150, 154, 163, 158, 134, 145, 136, 135, 147, 142, 128, 157, 136, 127, 143, 135, 128, 139, 118, 199, 101, 154, 152, 169, 161, 206, 114, 151, 156, 114, 96, 76, 85, 45, 28, 8]

