1) Game type:
LeftRight
2) Board size:
100
3) Number of MCTS iterations per-player:
9000

Game 1
1) Extended player number:
1
2) Extended player collisions:
[6490, 6414, 6329, 6261, 6290, 6137, 5982, 5863, 5744, 5810, 5473, 5310, 5237, 5126, 4990, 4613, 4544, 4298, 4158, 4025, 3852, 3582, 3422, 3226, 3032, 2788, 2520, 2267, 2052, 1847, 1730, 1545, 1318, 1171, 1035, 895, 738, 636, 526, 425, 344, 263, 208, 153, 108, 66, 40, 17, 5, 0]
3) Final game state:
Size: 100; Player1R: 50; Player2R: 50; Iteration: 100
4) Winning player:
0
5) Duration in seconds:
28.56469798
6) Player 1 type:
com.jnew528.finalYearProject.MctsTreeUpdatePath
7) Player 2 type:
com.jnew528.finalYearProject.MctsTreeStd
6) Player 1 time per move (ms):
[593, 514, 540, 511, 494, 536, 708, 699, 650, 560, 621, 588, 540, 493, 533, 547, 521, 536, 518, 557, 645, 637, 633, 616, 421, 438, 429, 421, 409, 399, 383, 373, 348, 320, 309, 271, 265, 257, 236, 227, 166, 186, 176, 137, 139, 89, 114, 67, 48, 20]
7) Player 2 time per move (ms):
[183, 203, 179, 188, 204, 226, 173, 161, 171, 165, 164, 168, 158, 162, 154, 165, 164, 163, 166, 187, 210, 203, 209, 167, 151, 162, 159, 162, 161, 172, 175, 184, 173, 156, 176, 186, 192, 189, 185, 174, 202, 149, 161, 147, 92, 93, 83, 57, 35, 10]

Game 2
1) Extended player number:
1
2) Extended player collisions:
[6616, 6474, 6330, 6242, 6232, 6066, 5950, 6063, 5729, 5629, 5560, 5455, 5244, 5037, 4792, 4695, 4479, 4385, 4188, 4077, 3739, 3649, 3345, 3273, 2979, 3012, 2565, 2274, 2070, 1877, 1699, 1470, 1333, 1186, 1035, 874, 740, 603, 524, 425, 338, 271, 206, 152, 105, 70, 38, 17, 5, 0]
3) Final game state:
Size: 100; Player1R: 50; Player2R: 50; Iteration: 100
4) Winning player:
0
5) Duration in seconds:
32.50933782
6) Player 1 type:
com.jnew528.finalYearProject.MctsTreeUpdatePath
7) Player 2 type:
com.jnew528.finalYearProject.MctsTreeStd
6) Player 1 time per move (ms):
[662, 704, 597, 612, 693, 733, 728, 697, 592, 599, 728, 661, 691, 678, 662, 674, 690, 675, 660, 581, 578, 583, 563, 516, 528, 534, 528, 525, 502, 514, 485, 418, 389, 378, 397, 365, 325, 308, 295, 249, 217, 182, 179, 182, 94, 133, 94, 74, 40, 24]
7) Player 2 time per move (ms):
[174, 199, 180, 191, 182, 193, 192, 159, 168, 166, 191, 191, 185, 190, 183, 195, 194, 197, 190, 181, 170, 203, 185, 201, 197, 176, 217, 218, 199, 212, 230, 223, 228, 217, 210, 243, 210, 231, 227, 171, 192, 193, 170, 97, 134, 112, 84, 50, 33, 12]

Game 3
1) Extended player number:
1
2) Extended player collisions:
[6639, 6521, 6491, 6306, 6215, 6119, 6039, 5788, 5897, 5466, 5481, 5363, 5275, 5153, 4829, 4718, 4641, 4246, 4286, 4012, 3781, 3591, 3391, 3377, 3090, 2895, 2592, 2403, 2099, 1815, 1765, 1495, 1321, 1142, 1022, 871, 742, 658, 518, 421, 338, 268, 205, 152, 103, 63, 40, 16, 5, 0]
3) Final game state:
Size: 100; Player1R: 50; Player2R: 50; Iteration: 100
4) Winning player:
0
5) Duration in seconds:
32.609816797
6) Player 1 type:
com.jnew528.finalYearProject.MctsTreeUpdatePath
7) Player 2 type:
com.jnew528.finalYearProject.MctsTreeStd
6) Player 1 time per move (ms):
[723, 768, 742, 753, 703, 601, 676, 690, 639, 699, 676, 662, 692, 688, 701, 689, 690, 699, 617, 628, 611, 507, 474, 491, 502, 482, 478, 486, 477, 438, 456, 418, 402, 391, 378, 364, 300, 277, 296, 236, 237, 228, 170, 176, 138, 119, 107, 76, 46, 17]
7) Player 2 time per move (ms):
[194, 194, 180, 189, 178, 199, 177, 181, 184, 193, 187, 204, 186, 199, 184, 206, 203, 213, 181, 208, 176, 189, 202, 171, 194, 190, 186, 193, 205, 184, 205, 228, 233, 220, 241, 177, 234, 208, 215, 231, 176, 193, 164, 168, 119, 115, 92, 61, 24, 9]

Game 4
1) Extended player number:
1
2) Extended player collisions:
[6575, 6511, 6454, 6261, 6348, 6149, 6038, 5837, 5808, 5660, 5492, 5429, 5164, 5076, 4909, 4735, 4580, 4334, 4220, 4024, 3862, 3531, 3470, 3239, 3043, 2778, 2571, 2370, 2147, 1926, 1684, 1507, 1315, 1161, 981, 871, 789, 610, 520, 414, 349, 267, 201, 152, 105, 69, 40, 17, 5, 0]
3) Final game state:
Size: 100; Player1R: 50; Player2R: 50; Iteration: 100
4) Winning player:
0
5) Duration in seconds:
30.848405971
6) Player 1 type:
com.jnew528.finalYearProject.MctsTreeUpdatePath
7) Player 2 type:
com.jnew528.finalYearProject.MctsTreeStd
6) Player 1 time per move (ms):
[756, 796, 666, 645, 585, 586, 690, 696, 719, 708, 729, 716, 709, 697, 651, 652, 654, 630, 641, 652, 589, 504, 499, 431, 351, 437, 407, 443, 435, 370, 189, 332, 313, 302, 345, 340, 323, 293, 294, 260, 235, 217, 195, 165, 135, 114, 103, 85, 48, 26]
7) Player 2 time per move (ms):
[197, 191, 189, 171, 164, 163, 192, 183, 196, 190, 191, 188, 203, 177, 195, 181, 187, 196, 183, 207, 154, 163, 163, 148, 171, 173, 191, 175, 179, 152, 151, 151, 155, 217, 220, 203, 216, 203, 201, 205, 196, 169, 169, 147, 140, 95, 85, 55, 39, 12]

Game 5
1) Extended player number:
1
2) Extended player collisions:
[6578, 6481, 6414, 6344, 6289, 6226, 6144, 5912, 5750, 5642, 5468, 5380, 5318, 5068, 4918, 4753, 4623, 4407, 4210, 4086, 3723, 3664, 3428, 3232, 3070, 2813, 2704, 2471, 2265, 2080, 1908, 1714, 1563, 1437, 1239, 1103, 942, 811, 688, 580, 466, 365, 275, 202, 135, 85, 45, 19, 5, 0]
3) Final game state:
Size: 100; Player1R: 49; Player2R: 50; Iteration: 100
4) Winning player:
2
5) Duration in seconds:
29.946255422
6) Player 1 type:
com.jnew528.finalYearProject.MctsTreeUpdatePath
7) Player 2 type:
com.jnew528.finalYearProject.MctsTreeStd
6) Player 1 time per move (ms):
[764, 782, 789, 791, 800, 644, 613, 620, 764, 572, 559, 550, 549, 633, 537, 527, 473, 496, 512, 563, 570, 497, 540, 482, 480, 521, 505, 496, 462, 269, 373, 366, 406, 395, 400, 393, 360, 197, 182, 255, 200, 146, 164, 174, 149, 105, 78, 59, 47, 26]
7) Player 2 time per move (ms):
[192, 197, 201, 199, 202, 167, 160, 162, 159, 170, 159, 154, 161, 176, 165, 153, 166, 177, 157, 181, 178, 198, 177, 142, 176, 182, 196, 203, 122, 127, 173, 189, 190, 207, 214, 253, 154, 150, 153, 179, 165, 134, 169, 154, 137, 110, 71, 46, 39, 13]

Game 6
1) Extended player number:
1
2) Extended player collisions:
[6607, 6485, 6409, 6314, 6274, 6142, 6036, 5829, 5754, 5595, 5614, 5216, 5320, 4961, 4770, 4798, 4590, 4304, 4306, 4022, 3853, 3568, 3395, 3293, 3015, 2868, 2663, 2512, 2241, 2067, 1911, 1663, 1567, 1408, 1233, 1108, 935, 810, 691, 566, 470, 363, 277, 198, 134, 86, 45, 19, 5, 0]
3) Final game state:
Size: 100; Player1R: 49; Player2R: 50; Iteration: 100
4) Winning player:
2
5) Duration in seconds:
30.488333122
6) Player 1 type:
com.jnew528.finalYearProject.MctsTreeUpdatePath
7) Player 2 type:
com.jnew528.finalYearProject.MctsTreeStd
6) Player 1 time per move (ms):
[723, 580, 884, 663, 657, 630, 652, 620, 694, 681, 570, 785, 538, 556, 584, 633, 479, 520, 529, 532, 378, 501, 411, 276, 510, 516, 555, 523, 491, 503, 441, 446, 416, 357, 376, 348, 335, 350, 238, 236, 230, 173, 194, 140, 147, 103, 88, 60, 43, 20]
7) Player 2 time per move (ms):
[192, 198, 210, 177, 183, 187, 163, 176, 262, 229, 189, 201, 164, 166, 183, 184, 141, 167, 186, 172, 167, 225, 134, 222, 184, 175, 200, 203, 216, 164, 204, 184, 214, 204, 192, 191, 200, 180, 171, 132, 155, 159, 172, 138, 133, 107, 76, 51, 31, 10]

